month,no_of_created_users,prev_month_users,change_in_users_created,percent_change
1,1415,NULL,NULL,NULL
2,1382,1415,-33,-2
3,1614,1382,232,17
4,1829,1614,215,13
5,2083,1829,254,14
6,2213,2083,130,6
7,2591,2213,378,17
8,2626,2591,35,1
9,699,2626,-1927,-73
10,826,699,127,18
11,816,826,-10,-1
12,972,816,156,19
